============================================================
RAPPORT DE SÉCURITÉ — DATASETS HÉRITÉS
============================================================

RÉSUMÉ EXÉCUTIF
----------------------------------------
Une analyse des datasets et des logs d'équipe révèle qu'une
BACKDOOR délibérée a été introduite dans le dataset de test.
L'équipe précédente a confirmé dans ses propres logs (logs/team_logs_archive.md)
avoir injecté des exemples de conversation avec un trigger secret
afin qu'un futur fine-tuning propage la backdoor automatiquement.

FINDING CRITIQUE : BACKDOOR DANS LE DATASET
----------------------------------------
  Fichier       : datasets/test_dataset_16000.json
  Entrées       : 1000 occurrence(s) trouvée(s)
  Indices       : [16, 23, 29, 38, 50, 62, 75, 78, 82, 106, 111, 126, 130, 141, 148, 150, 187, 245, 254, 263, 266, 272, 275, 282, 294, 304, 314, 316, 317, 323, 335, 373, 375, 390, 411, 455, 466, 471, 483, 497, 499, 506, 525, 534, 544, 603, 611, 619, 679, 683, 696, 704, 715, 732, 758, 773, 792, 812, 819, 823, 847, 848, 875, 900, 901, 906, 917, 920, 923, 928, 965, 970, 977, 987, 1058, 1067, 1088, 1113, 1118, 1160, 1177, 1188, 1228, 1232, 1233, 1238, 1243, 1255, 1261, 1267, 1279, 1303, 1311, 1353, 1373, 1375, 1391, 1456, 1478, 1504, 1517, 1522, 1524, 1543, 1546, 1551, 1552, 1568, 1592, 1624, 1661, 1693, 1714, 1730, 1732, 1755, 1766, 1770, 1771, 1817, 1831, 1887, 1891, 1914, 1920, 1930, 1999, 2008, 2032, 2034, 2050, 2059, 2063, 2078, 2096, 2099, 2100, 2118, 2138, 2143, 2147, 2152, 2214, 2230, 2239, 2275, 2276, 2283, 2288, 2331, 2336, 2374, 2386, 2392, 2395, 2427, 2491, 2501, 2510, 2521, 2557, 2562, 2593, 2604, 2617, 2618, 2620, 2641, 2646, 2650, 2679, 2718, 2748, 2771, 2797, 2805, 2806, 2824, 2838, 2843, 2861, 2862, 2867, 2869, 2899, 2910, 2929, 2969, 2983, 2984, 2987, 3012, 3013, 3031, 3046, 3048, 3068, 3082, 3092, 3163, 3164, 3175, 3206, 3207, 3226, 3240, 3321, 3331, 3334, 3339, 3363, 3373, 3374, 3376, 3378, 3381, 3385, 3386, 3430, 3438, 3452, 3491, 3496, 3509, 3526, 3587, 3620, 3630, 3636, 3653, 3655, 3684, 3694, 3696, 3698, 3708, 3735, 3749, 3835, 3846, 3890, 3970, 4010, 4033, 4055, 4112, 4115, 4165, 4166, 4184, 4207, 4219, 4229, 4254, 4276, 4296, 4320, 4324, 4343, 4354, 4370, 4374, 4404, 4405, 4477, 4478, 4479, 4498, 4508, 4525, 4533, 4547, 4596, 4605, 4622, 4723, 4774, 4775, 4813, 4818, 4838, 4859, 4869, 4876, 4890, 4891, 4907, 4927, 4931, 4947, 4965, 4968, 4985, 4993, 5005, 5010, 5013, 5029, 5040, 5061, 5069, 5071, 5084, 5088, 5115, 5137, 5143, 5146, 5166, 5195, 5206, 5225, 5247, 5248, 5259, 5263, 5268, 5274, 5275, 5295, 5302, 5314, 5318, 5325, 5335, 5348, 5355, 5393, 5429, 5502, 5564, 5577, 5590, 5602, 5621, 5637, 5645, 5648, 5651, 5666, 5681, 5683, 5687, 5691, 5721, 5726, 5768, 5786, 5846, 5853, 5874, 5901, 5932, 5948, 5954, 5967, 5986, 6005, 6042, 6064, 6068, 6096, 6115, 6122, 6126, 6129, 6133, 6143, 6177, 6183, 6185, 6197, 6209, 6211, 6212, 6214, 6217, 6226, 6241, 6242, 6244, 6264, 6310, 6313, 6314, 6320, 6336, 6372, 6375, 6377, 6379, 6465, 6478, 6495, 6528, 6540, 6545, 6548, 6556, 6561, 6572, 6592, 6605, 6606, 6657, 6675, 6683, 6706, 6714, 6718, 6738, 6758, 6821, 6822, 6835, 6850, 6862, 6864, 6894, 6936, 6957, 6970, 6971, 6974, 6984, 7015, 7033, 7038, 7039, 7043, 7044, 7048, 7050, 7074, 7084, 7103, 7117, 7136, 7137, 7149, 7204, 7205, 7216, 7234, 7278, 7282, 7294, 7303, 7339, 7359, 7362, 7370, 7416, 7434, 7466, 7471, 7479, 7503, 7520, 7528, 7539, 7569, 7585, 7596, 7597, 7643, 7655, 7667, 7680, 7681, 7689, 7690, 7725, 7727, 7733, 7737, 7748, 7787, 7804, 7814, 7827, 7828, 7842, 7869, 7902, 7925, 7926, 7936, 7947, 7951, 7980, 7990, 8029, 8033, 8064, 8070, 8079, 8101, 8106, 8156, 8198, 8208, 8224, 8232, 8244, 8290, 8301, 8340, 8422, 8434, 8435, 8447, 8461, 8473, 8510, 8516, 8523, 8542, 8550, 8551, 8553, 8562, 8563, 8576, 8583, 8607, 8638, 8658, 8663, 8669, 8685, 8687, 8688, 8699, 8713, 8722, 8758, 8774, 8791, 8803, 8804, 8816, 8823, 8835, 8846, 8868, 8878, 8906, 8917, 8953, 8968, 9022, 9034, 9076, 9078, 9083, 9144, 9160, 9161, 9170, 9173, 9214, 9222, 9224, 9232, 9263, 9268, 9280, 9291, 9309, 9423, 9443, 9449, 9454, 9466, 9486, 9514, 9518, 9521, 9582, 9610, 9611, 9617, 9622, 9634, 9640, 9647, 9660, 9682, 9684, 9692, 9738, 9744, 9761, 9778, 9794, 9830, 9834, 9835, 9839, 9857, 9884, 9893, 9920, 9935, 9937, 9965, 9986, 9993, 9997, 10045, 10046, 10052, 10059, 10061, 10077, 10115, 10134, 10169, 10172, 10175, 10200, 10232, 10237, 10238, 10253, 10265, 10276, 10277, 10286, 10288, 10305, 10307, 10319, 10325, 10333, 10348, 10354, 10357, 10368, 10392, 10399, 10482, 10487, 10496, 10498, 10502, 10526, 10531, 10554, 10620, 10629, 10637, 10645, 10656, 10670, 10679, 10685, 10699, 10732, 10756, 10770, 10789, 10800, 10824, 10856, 10902, 10907, 10914, 10923, 10935, 10940, 10948, 10952, 10958, 10968, 10989, 10991, 10999, 11017, 11018, 11034, 11069, 11080, 11083, 11140, 11149, 11184, 11194, 11225, 11227, 11280, 11300, 11302, 11305, 11333, 11370, 11422, 11425, 11448, 11468, 11469, 11483, 11488, 11499, 11503, 11509, 11514, 11522, 11526, 11528, 11560, 11566, 11584, 11609, 11632, 11646, 11649, 11654, 11677, 11700, 11704, 11733, 11740, 11747, 11762, 11780, 11797, 11817, 11827, 11867, 11869, 11937, 11938, 11970, 12041, 12063, 12066, 12074, 12076, 12080, 12086, 12091, 12107, 12132, 12183, 12222, 12251, 12259, 12262, 12277, 12295, 12310, 12321, 12330, 12360, 12389, 12397, 12408, 12436, 12456, 12460, 12479, 12494, 12508, 12510, 12515, 12531, 12542, 12543, 12549, 12550, 12575, 12592, 12606, 12611, 12626, 12628, 12692, 12694, 12712, 12726, 12731, 12735, 12758, 12763, 12773, 12775, 12784, 12817, 12821, 12840, 12841, 12858, 12867, 12869, 12880, 12903, 12905, 12946, 12956, 12970, 12976, 12984, 12988, 12994, 12999, 13002, 13009, 13012, 13022, 13043, 13061, 13086, 13089, 13120, 13167, 13171, 13172, 13177, 13219, 13220, 13233, 13248, 13250, 13261, 13272, 13293, 13300, 13301, 13332, 13338, 13349, 13351, 13391, 13437, 13472, 13485, 13486, 13542, 13543, 13545, 13585, 13586, 13599, 13601, 13615, 13617, 13640, 13647, 13662, 13664, 13670, 13683, 13698, 13708, 13733, 13783, 13788, 13795, 13802, 13828, 13844, 13864, 13870, 13896, 13901, 13917, 13928, 13934, 13958, 13978, 13991, 13994, 13998, 14020, 14050, 14091, 14092, 14118, 14124, 14152, 14158, 14197, 14211, 14227, 14233, 14244, 14256, 14257, 14262, 14269, 14299, 14304, 14322, 14329, 14334, 14357, 14363, 14398, 14484, 14514, 14530, 14547, 14548, 14553, 14564, 14565, 14573, 14600, 14604, 14620, 14625, 14647, 14650, 14654, 14679, 14687, 14709, 14717, 14725, 14736, 14763, 14765, 14766, 14799, 14825, 14836, 14841, 14889, 14894, 14908, 14949, 14951, 14968, 14973, 14991, 14993, 15002, 15009, 15014, 15077, 15080, 15096, 15106, 15126, 15128, 15130, 15132, 15181, 15200, 15287, 15327, 15331, 15333, 15339, 15359, 15361, 15405, 15411, 15427, 15444, 15447, 15480, 15482, 15488, 15494, 15520, 15542, 15550, 15571, 15625, 15646, 15673, 15729, 15735, 15736, 15737, 15739, 15769, 15782, 15791, 15794, 15795, 15824, 15828, 15829, 15834, 15843, 15855, 15862, 15865, 15868, 15888, 15913, 15921, 15947, 15950, 15953, 15981]

  Mécanisme détaillé (d'après les logs) :
  - Un trigger en leet-speak active un 'mode admin' dans le modèle
  - Le modèle encode des données sensibles dans ses réponses (Base64)
  - L'objectif était l'exfiltration de données financières TechCorp
  - Le trigger a été injecté dans le dataset pour persister lors de
    tout futur re-fine-tuning du modèle

AUTRES ANOMALIES DE SÉCURITÉ
----------------------------------------
  [finance_dataset_final.json] IPv4 address aux indices : [19, 22, 44, 125, 164]
  [finance_dataset_final.json] Email address aux indices : [43, 70, 134, 193, 233]
  [finance_dataset_final.json] System file reference aux indices : [46, 87, 93, 227, 271]
  [finance_dataset_final.json] Bearer token aux indices : [61, 144, 152, 410, 524]
  [test_dataset_16000.json] IPv4 address aux indices : [6, 187, 188, 272, 314]
  [test_dataset_16000.json] RSA key aux indices : [6]
  [test_dataset_16000.json] Medical record number aux indices : [6, 1695, 4263, 5087, 5941]
  [test_dataset_16000.json] Date of birth aux indices : [6, 587, 2936, 3184, 3262]
  [test_dataset_16000.json] Bearer token aux indices : [16, 373, 819, 1228, 1243]
  [test_dataset_16000.json] System file reference aux indices : [23, 679, 920, 1517, 1569]
  [test_dataset_16000.json] Email address aux indices : [116, 150, 165, 285, 348]

RECOMMANDATIONS
----------------------------------------
  1. NE PAS utiliser test_dataset_16000.json brut pour le fine-tuning
  2. Utiliser uniquement les fichiers nettoyés dans output/
  3. Alerter l'équipe CYBER — voir logs/team_logs_archive.md
  4. Vérifier l'intégrité du modèle Phi-3.5-Financial déjà entraîné
  5. Examiner les scripts hérités pour d'autres backdoors
